
Call:
PCA(X = mvd, scale.unit = TRUE, quali.sup = 1, graph = F) 


Eigenvalues
                      Dim.1  Dim.2  Dim.3  Dim.4  Dim.5  Dim.6  Dim.7  Dim.8  Dim.9 Dim.10 Dim.11 Dim.12
Variance               7.45   5.53   2.52   1.74   0.83   0.60   0.38   0.24   0.17   0.16   0.12   0.08
% of var.             37.25  27.67  12.62   8.72   4.17   3.01   1.91   1.18   0.84   0.78   0.62   0.38
Cumulative % of var.  37.25  64.91  77.53  86.25  90.43  93.44  95.34  96.53  97.37  98.15  98.77  99.15
                     Dim.13 Dim.14 Dim.15 Dim.16 Dim.17 Dim.18 Dim.19 Dim.20
Variance               0.06   0.06   0.03   0.02   0.01   0.00   0.00   0.00
% of var.              0.31   0.28   0.13   0.08   0.04   0.01   0.01   0.00
Cumulative % of var.  99.46  99.74  99.87  99.95  99.98  99.99 100.00 100.00

Individuals
                    Dist   Dim.1   ctr  cos2   Dim.2   ctr  cos2   Dim.3   ctr  cos2  
CIP392797.22_WD  |  4.56 | -1.41  0.88  0.09 | -3.46  7.23  0.58 |  0.99  1.29  0.05 |
CIP397077.16_WD  |  5.21 | -2.86  3.65  0.30 | -2.75  4.54  0.28 |  0.98  1.26  0.04 |
CIP398098.119_WD |  3.18 | -0.72  0.23  0.05 | -0.40  0.10  0.02 |  2.62  9.06  0.68 |
CIP398180.612_WD |  4.17 | -3.04  4.14  0.53 |  2.25  3.04  0.29 |  0.51  0.34  0.02 |
CIP398190.89_WD  |  3.72 | -1.86  1.55  0.25 | -2.63  4.17  0.50 | -0.16  0.03  0.00 |
CIP398192.213_WD |  2.44 | -2.15  2.08  0.78 |  0.61  0.23  0.06 |  0.54  0.38  0.05 |
CIP398192.592_WD |  3.39 | -1.63  1.19  0.23 |  1.02  0.62  0.09 |  1.64  3.55  0.23 |
CIP398201.510_WD |  6.26 | -5.05 11.39  0.65 |  2.99  5.38  0.23 | -0.50  0.33  0.01 |
CIP398203.244_WD |  6.86 | -4.23  8.00  0.38 |  4.38 11.54  0.41 | -1.48  2.89  0.05 |
CIP398203.5_WD   |  3.26 | -2.57  2.96  0.62 | -0.35  0.07  0.01 | -1.05  1.44  0.10 |
CIP398208.219_WD |  4.19 | -0.96  0.41  0.05 | -1.78  1.90  0.18 |  1.56  3.22  0.14 |
CIP398208.33_WD  |  3.43 | -2.20  2.16  0.41 |  1.68  1.70  0.24 |  1.59  3.35  0.22 |
CIP398208.620_WD |  3.33 | -1.71  1.32  0.27 | -1.42  1.22  0.18 |  1.81  4.34  0.30 |
CIP398208.704_WD |  4.76 | -1.32  0.78  0.08 | -0.41  0.10  0.01 |  3.67 17.76  0.59 |
CIP720088_WD     |  5.94 | -3.21  4.62  0.29 | -3.92  9.24  0.43 | -2.62  9.05  0.19 |
CIP392797.22_WW  |  4.02 |  2.48  2.75  0.38 | -2.35  3.32  0.34 | -0.56  0.41  0.02 |
CIP397077.16_WW  |  4.36 |  1.68  1.26  0.15 | -1.33  1.07  0.09 | -0.55  0.40  0.02 |
CIP398098.119_WW |  5.30 |  4.73 10.00  0.80 | -0.07  0.00  0.00 |  1.31  2.27  0.06 |
CIP398180.612_WW |  4.34 |  2.06  1.89  0.22 |  3.58  7.74  0.68 | -0.95  1.20  0.05 |
CIP398190.89_WW  |  3.13 |  1.38  0.85  0.19 | -1.57  1.48  0.25 | -1.90  4.75  0.37 |
CIP398192.213_WW |  3.17 |  2.53  2.86  0.64 |  0.59  0.21  0.04 | -1.11  1.62  0.12 |
CIP398192.592_WW |  4.06 |  3.24  4.69  0.64 |  1.89  2.16  0.22 |  0.23  0.07  0.00 |
CIP398201.510_WW |  3.34 |  0.53  0.13  0.03 |  2.58  4.00  0.59 | -0.85  0.95  0.06 |
CIP398203.244_WW |  5.95 |  0.97  0.42  0.03 |  5.05 15.33  0.72 | -1.44  2.73  0.06 |
CIP398203.5_WW   |  2.81 |  1.22  0.67  0.19 |  0.11  0.01  0.00 | -1.65  3.59  0.34 |
CIP398208.219_WW |  5.84 |  5.39 13.00  0.85 | -1.06  0.68  0.03 |  0.46  0.28  0.01 |
CIP398208.33_WW  |  4.43 |  2.96  3.92  0.45 |  2.29  3.15  0.27 |  0.06  0.01  0.00 |
CIP398208.620_WW |  4.21 |  2.76  3.41  0.43 | -1.68  1.70  0.16 |  0.75  0.74  0.03 |
CIP398208.704_WW |  4.48 |  4.25  8.09  0.90 | -0.19  0.02  0.00 |  0.22  0.07  0.00 |
CIP720088_WW     |  5.80 | -1.25  0.70  0.05 | -3.65  8.04  0.40 | -4.14 22.62  0.51 |

Variables
                   Dim.1   ctr  cos2   Dim.2   ctr  cos2   Dim.3   ctr  cos2  
spad_29          | -0.29  1.09  0.08 |  0.32  1.84  0.10 | -0.37  5.57  0.14 |
spad_59          | -0.65  5.65  0.42 |  0.36  2.40  0.13 | -0.43  7.29  0.18 |
spad_76          | -0.77  7.91  0.59 |  0.47  4.01  0.22 | -0.15  0.95  0.02 |
spad_83          | -0.67  5.97  0.44 |  0.58  6.16  0.34 |  0.02  0.02  0.00 |
hgt              |  0.64  5.51  0.41 |  0.31  1.74  0.10 | -0.05  0.11  0.00 |
rwc              |  0.71  6.85  0.51 | -0.12  0.24  0.01 | -0.56 12.52  0.32 |
lop              |  0.68  6.12  0.46 |  0.19  0.64  0.04 | -0.60 14.31  0.36 |
ldw              |  0.64  5.44  0.40 |  0.68  8.47  0.47 |  0.20  1.61  0.04 |
sdw              |  0.41  2.30  0.17 |  0.66  7.76  0.43 |  0.35  4.75  0.12 |
rdw              | -0.09  0.12  0.01 |  0.87 13.71  0.76 |  0.24  2.24  0.06 |
tdw              |  0.78  8.08  0.60 | -0.33  1.97  0.11 |  0.31  3.70  0.09 |
ntub             |  0.19  0.47  0.04 |  0.12  0.25  0.01 |  0.58 13.20  0.33 |
trs              |  0.91 11.02  0.82 |  0.34  2.03  0.11 |  0.16  1.04  0.03 |
lfa              |  0.89 10.64  0.79 |  0.37  2.49  0.14 | -0.08  0.25  0.01 |
rdl              | -0.17  0.40  0.03 |  0.87 13.63  0.75 |  0.15  0.95  0.02 |
tdb              |  0.84  9.53  0.71 |  0.18  0.62  0.03 |  0.40  6.31  0.16 |
hi               |  0.28  1.08  0.08 | -0.89 14.43  0.80 | -0.04  0.07  0.00 |
sla              |  0.83  9.17  0.68 | -0.04  0.04  0.00 | -0.43  7.26  0.18 |
wue              | -0.43  2.54  0.19 | -0.39  2.81  0.16 |  0.64 16.31  0.41 |
twue             |  0.09  0.10  0.01 | -0.90 14.73  0.81 |  0.20  1.51  0.04 |

Supplementary categories
                    Dist   Dim.1  cos2 v.test   Dim.2  cos2 v.test   Dim.3  cos2 v.test  
WD               |  2.45 | -2.33  0.90  -4.59 | -0.28  0.01  -0.64 |  0.67  0.08   2.28 |
WW               |  2.45 |  2.33  0.90   4.59 |  0.28  0.01   0.64 | -0.67  0.08  -2.28 |
$Dim.1
$quanti
        correlation          p.value
trs          0.9062 0.00000000000559
lfa          0.8903 0.00000000004529
tdb          0.8427 0.00000000515638
sla          0.8265 0.00000001832214
tdw          0.7758 0.00000047310144
rwc          0.7144 0.00000923689577
lop          0.6752 0.00004259369880
hgt          0.6409 0.00013581260153
ldw          0.6363 0.00015708049791
sdw          0.4144 0.02281197914435
wue         -0.4346 0.01640822417424
spad_59     -0.6487 0.00010569722624
spad_83     -0.6669 0.00005715795219
spad_76     -0.7676 0.00000074057996

$quali
          R2        p.value
treat 0.7277 0.000000002132

$category
         Estimate        p.value
treat=WW    2.328 0.000000002132
treat=WD   -2.328 0.000000002132

attr(,"class")
[1] "condes" "list " 

$Dim.2
$quanti
        correlation           p.value
rdw          0.8710 0.000000000385594
rdl          0.8685 0.000000000496921
ldw          0.6845 0.000030223132055
sdw          0.6554 0.000084756929580
spad_83      0.5840 0.000703244522347
spad_76      0.4713 0.008567848171688
lfa          0.3715 0.043258971358863
spad_59      0.3646 0.047587702973738
wue         -0.3945 0.030968150740055
hi          -0.8935 0.000000000030527
twue        -0.9027 0.000000000009139

attr(,"class")
[1] "condes" "list " 

$Dim.3
$quanti
        correlation   p.value
wue          0.6417 0.0001324
ntub         0.5773 0.0008373
tdb          0.3993 0.0288319
spad_29     -0.3749 0.0411939
sla         -0.4282 0.0182484
spad_59     -0.4291 0.0179727
rwc         -0.5623 0.0012207
lop         -0.6011 0.0004436

$quali
          R2 p.value
treat 0.1797 0.01955

$category
         Estimate p.value
treat=WD   0.6736 0.01955
treat=WW  -0.6736 0.01955

attr(,"class")
[1] "condes" "list " 

$call
$call$num.var
[1] 1

$call$proba
[1] 0.05

$call$weights
 [1] 1 1 1 1 1 1 1 1 1 1 1 1 1 1 1 1 1 1 1 1 1 1 1 1 1 1 1 1 1 1

$call$X
                   Dim.1    treat spad_29 spad_59 spad_76 spad_83   hgt   rwc    lop    ldw    sdw   rdw
CIP392797.22_WD  -1.4059 treat=WD   55.82   43.54   40.84   40.14 149.2 62.11 -3.067 10.128  8.324 2.290
CIP397077.16_WD  -2.8555 treat=WD   60.26   51.30   46.92   40.60 102.4 57.11 -2.700  9.906  5.248 2.310
CIP398098.119_WD -0.7211 treat=WD   50.46   44.44   45.56   44.94 141.8 54.51 -2.867 16.052 14.416 3.466
CIP398180.612_WD -3.0420 treat=WD   59.10   47.92   48.92   46.36 124.2 56.63 -2.987 14.010 11.140 6.190
CIP398190.89_WD  -1.8583 treat=WD   54.98   47.16   43.10   40.04 128.4 53.64 -2.833  8.810  8.298 1.906
CIP398192.213_WD -2.1536 treat=WD   56.20   49.68   46.80   45.90 139.0 57.74 -2.813 12.788 13.782 3.620
CIP398192.592_WD -1.6331 treat=WD   52.82   47.06   42.88   43.08 144.8 57.90 -2.993 12.734 13.288 5.366
CIP398201.510_WD -5.0462 treat=WD   63.20   53.50   55.02   51.72 113.4 52.44 -2.713 11.578  8.432 6.496
CIP398203.244_WD -4.2270 treat=WD   59.30   53.94   56.38   54.56 147.0 59.57 -2.647 16.666 17.086 4.778
CIP398203.5_WD   -2.5719 treat=WD   54.20   48.64   44.74   44.82 130.8 63.20 -2.687  9.586  8.364 2.484
CIP398208.219_WD -0.9613 treat=WD   46.80   41.82   41.16   40.42 145.8 55.15 -3.113 12.820 12.526 2.172
CIP398208.33_WD  -2.1957 treat=WD   58.82   48.16   46.70   45.96 128.0 58.05 -2.907 17.152 13.752 6.386
CIP398208.620_WD -1.7148 treat=WD   53.50   47.98   44.78   44.20 139.6 54.89 -2.740 11.980 11.142 3.232
CIP398208.704_WD -1.3238 treat=WD   55.68   41.92   42.56   42.10 130.6 57.63 -2.953 11.610 24.996 3.452
CIP720088_WD     -3.2138 treat=WD   59.94   51.70   43.98   36.62 117.6 67.90 -2.600  3.448  2.688 0.882
CIP392797.22_WW   2.4810 treat=WW   58.63   43.64   39.44   34.14 168.4 67.27 -2.280 13.942 11.066 1.770
CIP397077.16_WW   1.6785 treat=WW   62.54   48.82   43.00   40.38 120.4 73.92 -2.127 17.860  7.602 2.554
CIP398098.119_WW  4.7283 treat=WW   51.44   44.64   38.96   39.52 147.2 68.56 -2.513 21.288 16.920 3.098
CIP398180.612_WW  2.0575 treat=WW   59.28   47.54   44.72   42.42 159.0 69.25 -2.233 22.946 18.118 5.552
CIP398190.89_WW   1.3819 treat=WW   55.88   43.72   40.70   38.64 146.0 69.74 -2.307 11.656 10.186 1.502
CIP398192.213_WW  2.5279 treat=WW   53.92   45.08   43.04   41.82 156.6 69.49 -2.075 16.924 17.682 2.724
CIP398192.592_WW  3.2360 treat=WW   55.54   45.32   40.90   38.54 163.8 66.34 -2.207 18.568 18.934 5.720
CIP398201.510_WW  0.5298 treat=WW   60.72   48.34   45.08   45.06 133.8 64.90 -2.327 18.450 12.414 6.402
CIP398203.244_WW  0.9705 treat=WW   61.66   52.00   47.82   46.62 175.6 67.22 -2.067 23.388 27.518 5.554
CIP398203.5_WW    1.2207 treat=WW   51.86   47.06   41.54   39.96 154.0 69.27 -2.187 15.112 11.878 2.182
CIP398208.219_WW  5.3901 treat=WW   47.06   39.94   36.90   35.00 157.0 74.31 -2.207 19.364 17.828 2.736
CIP398208.33_WW   2.9585 treat=WW   60.98   46.02   38.80   35.18 149.4 64.79 -2.173 21.526 18.842 6.190
CIP398208.620_WW  2.7595 treat=WW   56.52   43.66   42.72   40.50 144.8 68.61 -2.560 16.332 11.796 2.608
CIP398208.704_WW  4.2517 treat=WW   56.16   42.18   37.60   36.54 148.4 68.45 -2.213 18.492 14.282 3.080
CIP720088_WW     -1.2478 treat=WW   57.68   48.66   44.86   41.32 128.6 73.15 -2.213  3.390  2.948 0.766
                    tdw  ntub    trs     lfa   rdl    tdb     hi   sla    wue  twue
CIP392797.22_WD  30.292  8.40  3.956  2059.1 23.60  51.03 0.5927 203.4 12.895 7.643
CIP397077.16_WD  35.244 17.00  4.069  2062.4 32.00  52.71 0.6652 218.6 12.908 8.587
CIP398098.119_WD 36.534 16.40  6.298  3054.2 31.00  70.47 0.5111 190.3 11.244 5.777
CIP398180.612_WD 16.680 12.80  4.991  3133.5 40.40  48.02 0.3460 206.3  9.820 3.416
CIP398190.89_WD  26.552  7.40  4.096  2881.8 27.60  45.57 0.5817 345.1 11.315 6.613
CIP398192.213_WD 23.050 13.40  4.940  3066.0 34.00  53.24 0.4272 231.4 10.809 4.611
CIP398192.592_WD 21.325 17.50  5.329  2450.7 37.50  52.99 0.4041 196.5 10.072 4.069
CIP398201.510_WD 13.102 13.25  3.839  2373.6 41.00  39.61 0.3153 213.6 10.271 3.306
CIP398203.244_WD  6.064  3.60  4.139  3322.6 38.75  44.59 0.1363 196.3 10.825 1.517
CIP398203.5_WD   14.320 10.00  3.337  2717.1 35.00  34.75 0.4097 283.9 10.426 4.276
CIP398208.219_WD 25.876  7.20  4.843  2978.7 30.20  53.39 0.4857 235.0 11.142 5.419
CIP398208.33_WD  23.956 14.00  5.188  3514.3 37.50  61.25 0.3890 207.6 11.842 4.630
CIP398208.620_WD 39.510 12.40  5.471  1530.8 32.00  65.86 0.5896 134.9 12.028 7.096
CIP398208.704_WD 27.110 18.80  5.099  1804.6 32.60  67.17 0.4463 156.6 13.603 5.275
CIP720088_WD     15.496  8.75  2.163   680.7 26.60  22.51 0.6891 207.0 10.303 7.125
CIP392797.22_WW  46.380 10.40  6.765  5408.5 25.60  73.16 0.6251 372.5 10.712 6.734
CIP397077.16_WW  51.388 16.80  7.119  6854.9 31.00  79.40 0.6454 382.4 11.340 7.317
CIP398098.119_WW 63.826 14.20 10.433 10287.7 34.00 105.13 0.6045 507.3 10.132 6.134
CIP398180.612_WW 24.750 13.50  8.689  8653.0 38.00  71.11 0.3479 376.4  8.361 2.917
CIP398190.89_WW  29.866 10.00  5.914  5271.3 28.60  53.21 0.5548 462.0  9.076 5.073
CIP398192.213_WW 33.996 11.80  7.789  7284.9 30.00  71.33 0.4724 443.9  9.130 4.314
CIP398192.592_WW 44.258 12.00  9.543  7417.3 39.00  87.48 0.4983 399.8  9.146 4.572
CIP398201.510_WW 28.388 13.80  7.459  7286.8 38.00  65.65 0.4290 395.8  8.832 3.774
CIP398203.244_WW 17.192  8.40  7.752  7455.4 36.00  73.65 0.2209 319.7  9.451 2.106
CIP398203.5_WW   25.030 11.20  6.160  5779.6 33.00  54.20 0.4551 383.3  8.780 4.010
CIP398208.219_WW 52.512 12.20  9.130  9668.9 27.75  92.44 0.5459 504.3  9.966 5.520
CIP398208.33_WW  34.767 15.25  9.308  8506.4 36.00  78.27 0.4322 350.3  8.825 3.890
CIP398208.620_WW 66.798  9.40  8.887  6376.7 31.00  97.53 0.6804 377.8 10.987 7.470
CIP398208.704_WW 51.202 16.00  9.417  8878.8 33.75  87.06 0.5805 479.4  9.186 5.350
CIP720088_WW     23.220  6.20  3.370  1374.2 25.00  30.32 0.7494 431.5  8.691 6.531


